>> bino_count_process
length of sample path (in seconds) = 60
prob. of success (arrival) = 0.1

X =

  Columns 1 through 27

     0     0     0     0     0     1     1     1     1     1     1     1     1     1     1     1     1     1     1     1     1     2     2     2     2     2     2

  Columns 28 through 54

     2     2     2     2     3     3     4     5     5     5     5     5     6     6     6     6     6     6     6     6     6     6     6     6     6     6     6

  Columns 55 through 60

     6     6     6     6     6     6

>> bino_count_process
length of sample path (in seconds) = 60
prob. of success (arrival) = 0.1

X =

  Columns 1 through 27

     0     0     0     0     0     0     0     0     0     0     0     0     0     0     0     0     0     0     0     0     0     0     0     0     0     0     0

  Columns 28 through 54

     0     0     0     1     2     2     2     2     2     2     2     3     3     3     3     3     3     3     3     3     3     3     3     3     4     4     4

  Columns 55 through 60

     4     4     4     4     5     5

frame size (in seconds) = 1
>> poiss_count_process
frequency lambda = 5
time frame (in minutes) Tmax = 30

arr_times =

  1×0 empty double row vector

>> poiss_count_process
frequency lambda = 5
time frame (in minutes) Tmax = 30

arr_times =

  Columns 1 through 16

    0.0772    0.4754    0.5408    0.9882    1.0732    1.2142    1.2641    1.3312    1.3515    1.3746    1.5938    1.6655    1.9896    2.6873    2.7464    2.8850

  Columns 17 through 32

    3.0319    3.0519    3.1508    3.2472    3.2775    3.3207    3.4308    3.7705    4.0560    4.0801    4.7905    4.9332    5.2900    5.2943    5.3621    5.5005

  Columns 33 through 48

    5.6510    6.2150    6.2916    6.9235    7.4513    7.5814    8.0486    8.0888    8.1290    8.1941    8.5737    8.6569    8.7882    8.7937    8.8802    8.9247

  Columns 49 through 64

    9.0827    9.2504    9.2888    9.7855   10.1887   10.5391   10.7270   10.7639   10.8077   11.3688   11.5525   11.6806   11.8556   11.9397   12.0327   12.2790

  Columns 65 through 80

   12.4470   13.2805   13.2837   13.6415   14.0900   14.2875   14.6113   14.7541   14.9701   14.9801   14.9967   15.5854   15.6462   15.9087   16.0809   16.2012

  Columns 81 through 96

   16.2130   16.3876   16.3910   16.6308   16.7018   16.7830   16.9066   16.9785   17.0596   17.4046   17.8158   17.8160   18.1690   18.8537   18.9692   18.9944

  Columns 97 through 112

   19.0747   19.4064   19.6059   19.7608   19.7646   20.1356   20.1668   20.2546   20.4501   20.7813   20.9509   21.0968   21.5199   21.6256   21.9228   22.1139

  Columns 113 through 128

   22.2219   22.4977   22.7449   22.8415   23.1069   23.1455   23.1490   23.2119   23.4254   23.5329   23.9785   23.9982   24.0238   24.0640   24.3329   24.4369

  Columns 129 through 144

   25.1957   25.3667   25.5992   25.9639   26.3082   26.4803   26.9527   27.0554   27.2060   27.2785   27.3499   27.4396   28.1182   28.6535   28.8816   29.0083

  Columns 145 through 151

   29.0931   29.2726   29.3122   29.3784   29.3848   29.5112   29.7359

>> poiss_count_process
frequency lambda = 5
time frame (in minutes) Tmax = 30

X =

  Columns 1 through 27

     0     0     0     0     0     0     0     0     0     0     1     1     1     1     1     2     2     2     2     2     2     2     2     2     2     2     2

  Columns 28 through 54

     2     2     2     2     2     2     3     3     3     3     3     3     3     3     3     3     3     3     3     3     3     3     3     3     3     3     3

  Columns 55 through 81

     3     3     3     3     3     3     3     3     3     3     3     3     3     3     3     3     3     3     3     3     3     3     3     3     3     3     3

  Columns 82 through 108

     4     4     4     4     4     4     4     4     4     4     4     4     4     4     4     4     4     4     4     4     4     4     4     4     4     4     5

  Columns 109 through 135

     5     5     5     5     5     5     5     5     5     5     5     5     5     5     5     5     5     5     5     5     5     5     5     5     5     5     5

  Columns 136 through 162

     5     5     5     5     5     5     5     5     5     6     6     6     6     6     6     6     6     6     6     6     6     6     6     6     6     6     6

  Columns 163 through 189

     6     6     6     6     6     6     6     6     7     7     7     7     7     7     7     7     7     7     7     7     7     7     7     7     8     8     8

  Columns 190 through 216

     8     8     8     8     8     8     8     8     8     8     9     9     9     9     9     9     9     9     9     9     9     9     9     9     9     9    10

  Columns 217 through 243

    10    11    11    11    11    11    11    11    11    11    11    11    11    11    12    12    13    13    13    13    13    13    13    13    13    14    15

  Columns 244 through 270

    15    15    15    15    15    15    15    15    15    15    15    15    15    15    15    15    15    15    15    15    15    15    15    15    15    15    15

  Columns 271 through 297

    16    16    16    16    16    16    16    16    17    17    17    17    17    17    17    17    17    17    17    17    17    17    17    17    17    17    17

  Columns 298 through 324

    17    17    17    17    17    17    18    18    18    18    18    18    18    18    19    19    19    19    19    19    19    20    20    20    20    20    20

  Columns 325 through 351

    20    20    20    20    20    20    20    20    20    20    20    20    20    20    20    20    20    20    20    20    20    20    20    20    20    20    20

  Columns 352 through 378

    20    20    20    20    20    20    20    20    20    20    20    20    20    20    20    20    20    20    20    20    20    21    21    21    21    21    21

  Columns 379 through 405

    21    21    21    21    21    21    21    21    21    21    21    21    21    21    21    21    21    21    21    21    21    22    22    22    22    22    22

  Columns 406 through 432

    22    22    22    22    22    22    22    22    22    22    22    22    22    22    22    22    22    22    22    22    22    22    22    22    23    23    23

  Columns 433 through 459

    23    23    23    23    23    24    24    24    25    25    25    25    25    25    25    25    25    25    25    25    25    25    25    25    25    25    25

  Columns 460 through 486

    25    25    25    26    26    26    26    26    27    27    27    27    27    27    27    28    28    28    28    28    28    28    28    28    28    28    28

  Columns 487 through 513

    28    28    28    28    28    28    28    28    28    28    28    28    28    28    28    28    28    28    28    28    28    28    28    28    28    28    28

  Columns 514 through 540

    28    28    28    28    28    28    28    28    28    28    28    28    28    28    28    28    28    28    28    28    28    28    28    28    28    28    28

  Columns 541 through 567

    28    28    28    28    28    28    28    28    28    28    28    28    28    28    28    28    28    28    28    28    28    28    28    28    28    28    28

  Columns 568 through 594

    28    28    28    28    28    28    28    28    29    29    29    29    29    29    29    29    29    29    30    30    30    30    30    30    30    30    30

  Columns 595 through 621

    30    30    30    30    30    30    30    30    30    30    31    32    32    32    32    32    32    32    32    32    32    32    32    32    32    32    32

  Columns 622 through 648

    32    32    32    32    32    32    32    32    32    32    32    32    32    32    32    32    32    32    32    32    32    32    32    32    32    32    32

